2 56 3262 6496 6500 3444 587 3547 11494 3423 11560 3558 549 9503 6529 678 9638 663 11623 6680 9655 3690 708 3705 9515 9681 3703 9665 11651 704 11666 3700 6720 9676 11663 6703 3680 9643 9608 6647 11577 11580 11586 11583 6634 630 9756 9771 11754 793 3796 9610 9612 9614 657 9635 3076 687 
1 27 9904 11751 6862 6875 11833 6946 6973 6788 3772 11891 3959 956 11834 11849 11877 9898 6960 6917 6931 3898 6865 872 6836 13223 13222 9896 6906 
1 16 9904 11846 923 9826 819 955 851 3968 10027 3901 12066 9990 4159 1156 3857 10074 
1 11 9904 11846 923 3923 11803 3958 6972 9856 11837 11998 6979 
1 11 9904 9794 6926 967 9924 782 6793 9582 11584 628 6626 
1 6 11584 3604 11598 6675 3660 6678 
1 7 6946 1616 6985 6606 6793 9582 11584 
1 8 6788 3772 770 9738 764 3768 780 6613 
1 11 6613 11593 3594 9748 11576 6648 6618 9751 6792 11565 9737 
1 8 6613 11794 9625 3681 3506 9725 9523 11506 
1 5 11506 9561 454 6504 11483 
1 6 9523 6547 11463 9478 503 11465 
1 6 11483 3576 516 13068 11419 3262 
1 6 9867 9631 6657 9597 11565 9737 
1 6 9737 6777 9710 743 6756 740 
1 7 9824 11779 3898 3915 9882 9884 11697 
1 3 9884 11697 743 
1 2 9867 11465 
1 4 9523 9534 6569 485 
1 8 11628 3652 9658 11488 5291 9559 9575 3423 
1 6 11483 11606 13081 9472 3560 5291 
1 3 3262 9498 391 
1 8 11891 770 6780 3782 11570 9587 636 11604 
1 2 11604 663 
1 24 6626 11735 13252 591 6611 984 3974 6957 11816 6889 9821 9809 9780 9914 9875 11856 9837 966 6930 3973 3864 976 1109 4109 
1 11 11856 974 3833 3526 6990 9791 11774 11905 11842 922 9833 
2 6 9833 922 9902 9919 9769 9612 
1 7 793 965 949 935 6857 6886 3526 
1 12 11753 3714 9886 9868 6919 6965 7620 9912 9893 3889 12473 12029 
1 12 6965 9761 9777 919 11826 11839 9844 6908 3905 890 11811 11829 
1 2 11829 9833 
1 45 11829 11811 3851 947 11867 11778 9921 11848 4112 7130 10038 9941 10122 12096 1119 1005 1122 4127 4008 7026 4124 10056 11810 11746 806 12029 1088 10087 1108 792 4111 1074 1065 1201 4206 4088 4161 11979 1155 12049 7011 10073 7091 4076 4145 
1 47 1071 11910 10061 11967 9989 7079 10120 4136 1130 9992 7082 1204 4151 12094 10123 11954 4120 1127 1198 4057 12088 10117 10046 4047 1041 1118 9980 7209 4194 1149 1189 12039 11957 7005 10026 4129 7162 11921 4129 7162 4129 11921 4129 7162 11921 4129 7162 
1 3 7162 10091 11969 
1 27 11969 9994 4163 1160 7081 12051 10078 4046 7166 11939 1145 9964 1013 11923 7132 4116 989 12100 7215 4199 12087 9945 10113 1194 10070 7069 11943 
1 2 4145 1071 
1 11 7011 12004 4143 7188 7030 10028 1151 12071 1064 11999 10844 
1 2 12071 12889 
1 3 10844 4910 1977 
1 2 10028 12002 
1 3 7011 4055 7117 
1 4 4206 4088 7176 1015 
1 11 11753 3714 9932 975 11894 11881 6995 3967 6938 9871 9844 
1 8 6906 3799 3891 888 11742 9852 6914 3938 
1 9 3938 858 9881 6948 3810 879 9891 7098 7183 
1 7 7183 1048 4080 9815 12070 6880 3790 
1 10 3938 896 11820 9917 9839 9877 3926 844 11768 11805 
1 7 9839 9770 938 845 889 9817 11673 
1 11 9817 6921 3892 920 3918 3920 9872 9700 11854 13220 740 
1 11 6906 3799 871 7213 948 813 11766 857 884 11852 13233 
1 2 13233 740 
1 11 11805 3861 799 6924 9817 11673 6734 9689 11710 758 3761 
1 5 6891 9772 11824 11874 11773 
1 7 10074 7059 7147 1009 13256 4014 1156 
1 11 9904 11882 963 6831 3966 6939 6980 883 6843 9784 11837 
1 4 6831 9838 925 967 
1 46 5007 12156 10733 1933 12882 12797 4888 10490 10750 10796 10834 10865 2074 1943 10911 4973 8112 1970 5087 12805 10417 12653 12314 12248 7584 12877 7448 4958 2000 5029 1957 7573 7602 10385 10768 4580 4637 4609 4553 2071 12861 1822 5014 10811 10804 1549 
1 22 5007 12156 10733 1933 556 2022 12732 12327 2053 2099 7997 1698 4947 5736 10614 10545 7702 13385 1703 4828 12119 2015 
1 12 3992 1628 1036 4619 7167 9934 4009 4519 4547 5092 12713 5007 
1 30 5007 1575 7571 1180 7074 4144 11933 12069 10072 1069 10102 12093 11944 4137 10068 12043 1052 3900 11886 6837 9835 11764 892 836 3970 6981 11835 912 9790 4052 
1 13 4619 4631 9999 7097 12483 12310 12017 4480 10039 7095 1597 7650 7137 
1 11 4009 7580 10462 4158 10064 10017 11994 1099 996 7120 10076 
1 15 10068 11761 4140 1137 7158 10424 12331 1723 1853 10632 4729 10704 1725 1728 4697 
1 12 11948 10110 4126 7175 7204 7221 7125 12040 1003 7155 10065 4052 
1 24 4052 7171 11770 978 852 3904 3803 3860 898 6944 11879 957 6989 9762 11765 9639 681 1504 739 7266 3963 12136 1343 9733 
1 11 892 987 9885 11808 887 3913 1567 7663 11744 7523 10433 
1 13 7158 828 1489 4495 10499 3978 10429 12469 7812 1502 12485 1847 7832 
1 7 1723 1853 10629 8055 12750 5031 12327 
1 14 1591 4845 12601 7866 1783 10691 4714 4849 10539 12520 10669 1689 12649 4697 
1 11 12520 7843 12509 4781 10531 7680 11410 10546 1797 4806 12679 
1 3 2015 1766 12805 
1 26 1591 10146 4773 12385 4492 12487 10508 10452 7600 7243 4300 4374 4303 10131 12163 10262 475 642 9453 3618 464 615 11578 3622 9592 9753 
1 34 5092 7406 7418 4167 4295 7256 2045 1257 9966 1918 12837 12724 12789 4318 1197 4087 1581 10090 7179 12010 11968 11929 4162 2843 9935 1159 4245 4062 4104 1101 10060 11924 11978 10001 
1 18 11924 7090 7372 7428 4280 1275 1317 10259 10799 4278 7395 7244 10190 7391 7447 1238 1321 7402 
1 16 10278 1344 10897 4414 10756 10799 7250 12295 7232 12269 1349 7013 4187 7150 11952 9975 
1 18 9975 4064 1147 4110 10108 1179 5043 10782 2070 1986 12863 10881 8117 5089 7953 12726 8001 10876 
1 19 8001 2004 7994 2097 10793 8123 3916 10811 1463 864 6935 1636 4583 3564 10472 12441 10403 7454 11753 
1 11 7661 7495 4545 11645 4605 12309 1599 6671 3658 772 11599 
1 8 5029 1888 7990 12739 12895 5075 10782 12774 
1 23 4245 4204 1444 12452 1637 10471 10332 7938 5055 12137 5086 10794 2086 12868 2002 10772 10066 9084 8106 10173 8022 1910 12763 
1 8 2086 2054 1908 4984 10847 1147 4003 3456 
1 9 12163 12474 13207 10348 7635 12491 8099 7491 2000 
1 14 12726 2089 13366 8085 1955 12702 10791 4932 12740 5049 1947 2018 8002 2103 
1 9 10752 10840 1920 8073 1923 12883 2033 8092 2095 
1 6 10752 1973 12821 2029 13079 2103 
1 15 4910 1977 12725 2003 5047 5091 12766 8043 4985 8124 10777 10833 12759 10921 1966 
1 6 4954 2040 1984 13237 13238 12766 
1 7 7073 1028 1206 10844 10745 4963 12796 
1 5 7073 12044 11974 7030 7188 
1 11 425 3561 6513 3355 9509 11388 11233 9281 9309 9335 6336 
1 30 425 6582 3535 9471 3418 6440 9414 3462 494 3485 6512 9457 6464 13205 9427 11413 3410 6604 11536 6460 9425 11550 577 6584 11534 9716 565 11686 741 11670 
1 17 6708 9681 9515 3705 6540 11529 9572 6421 482 6524 425 6487 9456 375 11219 11276 321 
1 21 321 9388 3340 349 6282 6334 9334 9361 11372 11343 9263 362 3380 6402 6332 11265 3288 6314 3354 11246 3194 
1 10 321 11305 11331 6389 317 11251 3277 6364 6235 394 
1 17 6345 9362 6412 3307 383 6310 171 11151 3171 6115 14 9174 6151 6072 9196 3049 11367 
1 13 6345 9300 9410 242 6148 13264 11390 11380 11082 161 6050 6209 11278 
1 17 3686 705 3722 568 737 3755 574 3403 3452 488 11530 582 6458 3480 3568 9249 9288 
1 19 3686 6704 9677 9680 6741 11729 3734 6768 6781 9742 3779 11727 6765 11724 759 9720 6760 11706 9753 
1 20 3734 6755 6783 11559 9417 11434 9461 6519 11487 11541 6432 9489 534 9579 3291 356 3376 3250 9313 9266 
1 15 6332 395 3384 3254 6281 9274 6413 9236 3759 11313 304 331 3293 6319 9288 
1 11 9617 3663 660 3676 11639 9670 6731 9704 746 3548 11536 
1 8 9660 716 6716 3713 3730 9706 746 11676 
1 9 507 9239 9268 364 11382 9269 9332 11270 351 
1 6 507 6489 3422 3463 540 6526 
1 5 507 6103 11253 271 322 
1 7 9250 11382 9315 6318 3205 9364 6363 
1 2 13270 3159 
1 4 11207 11055 3150 6300 
1 9 3379 3242 11303 11238 11287 3396 11334 6289 6405 
1 6 11293 3359 369 11238 9255 9321 
1 18 4697 10623 1859 12605 10554 12507 7860 1672 7786 4677 4719 7697 12537 4809 10675 7763 4725 10655 
1 13 7418 10144 11865 1893 4141 1010 4325 10616 7549 12436 4134 7650 7137 
1 8 2008 12755 1965 8089 10773 8236 12753 10886 
1 16 2008 4956 5021 13088 5015 12369 6785 2042 4884 12410 10337 1500 12313 4507 4535 12398 
1 3 2008 5052 12746 
1 3 10773 12810 10732 
1 5 10886 13085 2077 4965 12715 
1 6 2077 4904 12867 2021 10889 12810 
1 20 4535 1453 10449 10410 4510 7464 10615 1987 10586 954 1604 12437 4531 4437 6713 11641 11685 6782 11731 10233 
1 16 12437 1595 9796 831 11776 11760 659 9825 6890 882 3687 6707 9664 3733 3747 6795 
1 6 6713 9450 12357 12456 10341 10526 
